12834 
15763 
5475 
1554 
4415 
260 
166 
2195 
11774 
8897 
1060 
865 
12068 
13541 
4264 
4599 
4041 
15388 
175 
15329 
2957 
9922 
684 
10474 
4892 
642 
4732 
13887 
9821 
10770 
8753 
7806 
3337 
509 
494 
11295 
15676 
2955 
3157 
6814 
9569 
2615 
7208 
4118 
3257 
9095 
5141 
3348 
5617 
4485 
3565 
11455 
7790 
9238 
1492 
15667 
127 
13327 
14071 
15339 
5163 
5632 
2114 
5323 
10880 
9025 
135 
5373 
3136 
3842 
3380 
162 
3106 
8588 
1065 
1693 
8788 
9030 
1358 
10115 
4036 
3454 
15340 
3555 
1153 
2084 
12274 
9613 
3327 
6913 
2430 
2187 
15593 
9163 
14118 
685 
2401 
13934 
3442 
13930 
5749 
10714 
14396 
766 
2101 
12449 
4191 
15373 
7155 
11452 
9319 
6195 
5104 
14270 
4472 
1270 
11921 
11066 
2839 
56 
8121 
1747 
4746 
6841 
4920 
1474 
11507 
7195 
10389 
141 
13136 
4024 
10089 
7472 
10619 
8323 
3033 
3940 
14216 
302 
10645 
1903 
9589 
4138 
68 
2506 
7561 
10511 
7168 
8896 
6441 
12811 
8450 
20 
15713 
3621 
12910 
313 
3982 
207 
5133 
8686 
15684 
14990 
13265 
3546 
15024 
10113 
2996 
14456 
9269 
489 
13890 
7571 
4311 
9886 
1521 
3092 
15779 
12918 
6736 
3321 
13177 
3927 
2299 
6187 
9227 
5261 
3131 
6953 
8733 
4505 
11264 
6450 
2891 
6198 
14171 
2958 
4047 
3886 
2592 
9654 
11745 
2512 
13146 
3858 
15890 
766 
811 
2679 
2707 
3914 
1565 
1512 
2715 
8500 
7623 
5013 
8148 
3881 
4990 
14000 
2381 
3598 
4321 
2244 
7587 
3129 
4178 
2986 
5900 
2350 
12577 
12167 
11295 
8600 
6982 
5837 
3570 
1249 
7285 
7326 
2840 
2731 
1534 
9669 
8057 
14446 
8492 
4308 
4740 
9410 
4612 
8835 
9660 
12529 
8773 
15223 
4533 
1192 
5630 
7784 
4047 
15589 
4760 
890 
12844 
11104 
15634 
14674 
5340 
3288 
5107 
2051 
9247 
10833 
6634 
192 
85 
3562 
929 
4284 
1270 
1073 
6667 
706 
80 
5822 
3512 
14092 
7053 
2022 
3422 
3348 
14356 
4923 
795 
2420 
10413 
1423 
4514 
2061 
2337 
8818 
2550 
1318 
13151 
10500 
9949 
280 
13499 
12666 
8318 
1863 
14353 
143 
6005 
3509 
262 
10903 
11023 
1141 
9224 
13557 
3778 
1753 
15629 
14092 
3560 
11748 
9638 
3565 
15801 
12752 
2650 
3299 
582 
1488 
2097 
1491 
7322 
5475 
8976 
4630 
2518 
6706 
10592 
12028 
11154 
1010 
15746 
3729 
12249 
4312 
9167 
9212 
4349 
9489 
10884 
1069 
3792 
7369 
5575 
9652 
2762 
9948 
2400 
14639 
8124 
5002 
466 
12584 
766 
13639 
1410 
14888 
935 
5183 
4087 
16016 
1033 
8746 
6435 
11269 
381 
3394 
11588 
8426 
3429 
13721 
3961 
3440 
1593 
15006 
2573 
11416 
4887 
10569 
9761 
2373 
13466 
1903 
8273 
15841 
15536 
4053 
1314 
3445 
6665 
3994 
6561 
2331 
1570 
12299 
10241 
8624 
1136 
3528 
6280 
3617 
3640 
10732 
7649 
5030 
1692 
4991 
7873 
1523 
5104 
11321 
6413 
12316 
14162 
8709 
2862 
618 
4370 
11499 
15284 
4846 
6601 
12320 
12305 
130 
3224 
3422 
3349 
9015 
1075 
14067 
9377 
13563 
14646 
14107 
925 
13273 
1903 
2149 
760 
4964 
9354 
8604 
5990 
1150 
15265 
677 
1963 
10833 
10339 
1714 
9060 
2701 
3616 
12446 
2304 
8943 
276 
219 
2953 
1901 
9526 
3998 
7628 
379 
7242 
198 
5953 
4815 
1727 
4485 
165 
12927 
4652 
1405 
11160 
1661 
5218 
13192 
3004 
8591 
7803 
7785 
2854 
6574 
5206 
3272 
14288 
456 
6954 
716 
6216 
2147 
2589 
2954 
4003 
13125 
9980 
5531 
2389 
3120 
3130 
210 
234 
9610 
12802 
11411 
11256 
15690 
13296 
604 
6628 
729 
9154 
661 
11133 
6669 
4896 
3699 
75 
6375 
7582 
6387 
6085 
11003 
8901 
10063 
15124 
14552 
3121 
4255 
15074 
9572 
2565 
3930 
308 
12826 
7869 
8434 
1053 
3302 
741 
12910 
6348 
2531 
2315 
10780 
10208 
9598 
4398 
5940 
12577 
6187 
5755 
907 
2727 
5621 
4615 
15242 
4441 
4790 
4625 
13514 
546 
7691 
4305 
3384 
404 
2349 
8326 
10263 
4118 
11964 
1043 
15958 
13872 
15711 
10326 
971 
1390 
2426 
10762 
770 
9160 
12466 
15123 
8156 
908 
526 
10372 
1073 
11712 
3285 
5867 
15509 
10770 
6815 
8631 
1675 
7073 
4224 
10423 
2772 
7024 
5208 
4517 
11514 
3817 
12674 
2559 
14147 
12036 
7094 
4063 
3069 
5506 
14724 
238 
2516 
14725 
15234 
3813 
13203 
4123 
5151 
3716 
515 
937 
12838 
7004 
7482 
8529 
1212 
1459 
3981 
10198 
9055 
4923 
2862 
16033 
15091 
9324 
1270 
12328 
10731 
2305 
3670 
15976 
13732 
9571 
5300 
952 
12110 
10135 
12239 
4016 
14518 
12832 
3439 
13705 
2320 
8391 
8900 
13312 
4188 
5896 
1524 
6407 
3677 
4539 
1953 
11527 
1210 
5847 
8319 
2567 
2289 
3920 
7375 
2532 
15197 
11985 
11275 
5121 
3833 
9301 
9678 
12603 
1344 
5609 
351 
12168 
7610 
1467 
7509 
15177 
2829 
12313 
15064 
737 
888 
3639 
12552 
2050 
10357 
6285 
2222 
10954 
8995 
3480 
1093 
1565 
177 
1944 
3410 
3478 
12149 
8117 
4959 
15109 
13687 
5070 
9336 
52 
2002 
15603 
4971 
1056 
15686 
4711 
1553 
11334 
14806 
10826 
14134 
6514 
6036 
847 
7890 
2071 
4056 
9285 
12180 
5350 
11840 
14970 
1934 
15061 
5109 
15102 
2946 
5624 
1568 
1976 
10048 
1497 
14444 
542 
15100 
8812 
9283 
2491 
912 
908 
12817 
217 
3799 
3938 
4595 
12177 
4603 
3120 
11183 
13265 
4943 
11296 
4599 
1328 
499 
5669 
4201 
4500 
2458 
2136 
1218 
5815 
8594 
9612 
1534 
6543 
15645 
4312 
300 
5680 
8717 
9254 
4040 
2297 
8679 
1585 
9973 
14145 
8372 
8113 
2812 
11379 
3120 
657 
11382 
12996 
10678 
2891 
12773 
3003 
2908 
15031 
342 
4140 
3364 
7047 
5705 
1926 
458 
352 
1524 
11358 
2671 
9932 
3298 
10236 
7142 
15692 
6527 
10237 
4733 
14762 
2071 
152 
4356 
8749 
12374 
276 
11106 
14352 
295 
14340 
1242 
1159 
4773 
210 
4595 
2074 
6849 
992 
1303 
11196 
5119 
6296 
6839 
196 
526 
13172 
15262 
1075 
5160 
14967 
11525 
1174 
3931 
12287 
3486 
8881 
11759 
1245 
9426 
376 
1033 
13313 
593 
67 
15381 
2829 
4265 
8844 
11410 
10650 
853 
1596 
178 
820 
11607 
2969 
3784 
4007 
4613 
11452 
2961 
4008 
351 
4282 
3014 
4402 
5356 
10137 
14603 
6247 
13259 
1331 
12269 
7726 
14681 
1332 
1337 
6279 
1098 
1434 
7723 
5910 
5400 
10446 
12740 
6934 
3770 
5675 
9839 
374 
2197 
5729 
10459 
12624 
647 
8405 
3502 
11889 
12430 
13467 
10292 
6406 
2767 
4170 
10725 
809 
9222 
11446 
7801 
1109 
4398 
5299 
12892 
7422 
12420 
13828 
13415 
3454 
5537 
1779 
4263 
5195 
4444 
13845 
1677 
2947 
6889 
11542 
15324 
12927 
13123 
8963 
14075 
13693 
7195 
9973 
13648 
9841 
14532 
4770 
8297 
3645 
11053 
2962 
2440 
