42 
18 
77 
51 
89 
12 
51 
136 
32 
119 
33 
19 
69 
41 
37 
36 
127 
74 
65 
46 
54 
79 
40 
81 
68 
20 
113 
50 
62 
57 
78 
26 
71 
50 
36 
96 
113 
54 
32 
19 
41 
87 
61 
11 
26 
91 
111 
23 
29 
57 
79 
68 
66 
99 
32 
83 
32 
47 
14 
84 
92 
109 
116 
76 
45 
103 
33 
71 
40 
95 
52 
48 
44 
61 
13 
106 
85 
73 
76 
103 
57 
133 
101 
127 
23 
64 
79 
135 
39 
103 
104 
126 
85 
99 
47 
42 
36 
57 
24 
23 
138 
11 
14 
102 
97 
41 
9 
13 
143 
38 
11 
53 
94 
79 
103 
63 
70 
131 
45 
60 
94 
23 
118 
88 
58 
51 
64 
23 
74 
30 
65 
81 
70 
78 
84 
87 
21 
51 
45 
56 
28 
77 
129 
12 
45 
87 
57 
49 
18 
26 
80 
25 
86 
17 
54 
80 
21 
61 
38 
38 
22 
105 
24 
37 
65 
94 
86 
12 
63 
17 
79 
118 
80 
9 
43 
56 
64 
56 
120 
64 
54 
99 
81 
51 
27 
65 
66 
14 
54 
55 
83 
70 
90 
38 
72 
114 
100 
66 
95 
70 
101 
100 
39 
75 
60 
65 
116 
59 
27 
37 
53 
44 
10 
88 
88 
77 
49 
78 
48 
37 
165 
27 
57 
105 
40 
79 
75 
51 
103 
74 
145 
58 
99 
78 
31 
42 
40 
45 
125 
50 
51 
13 
32 
24 
73 
11 
47 
93 
30 
44 
34 
49 
27 
27 
39 
114 
37 
119 
29 
28 
95 
106 
36 
16 
72 
71 
122 
69 
62 
102 
90 
54 
27 
21 
32 
35 
87 
84 
31 
30 
76 
35 
36 
30 
72 
10 
44 
91 
16 
155 
78 
25 
57 
14 
51 
51 
73 
63 
99 
51 
14 
128 
64 
39 
11 
17 
40 
10 
87 
48 
59 
14 
19 
66 
71 
28 
84 
36 
41 
50 
67 
130 
16 
47 
45 
55 
49 
120 
60 
105 
41 
68 
115 
63 
74 
52 
52 
119 
57 
61 
74 
102 
62 
24 
91 
9 
32 
68 
58 
49 
32 
18 
95 
91 
35 
27 
9 
19 
36 
76 
66 
128 
18 
46 
76 
59 
129 
17 
27 
13 
10 
96 
51 
93 
89 
61 
73 
78 
88 
50 
43 
105 
103 
91 
53 
72 
104 
120 
63 
30 
102 
97 
60 
129 
36 
62 
89 
32 
13 
102 
48 
13 
47 
19 
78 
13 
23 
40 
52 
17 
13 
22 
16 
44 
18 
91 
72 
54 
66 
76 
15 
18 
23 
41 
49 
67 
76 
74 
97 
69 
103 
79 
15 
76 
112 
45 
21 
76 
120 
52 
14 
28 
135 
117 
101 
53 
55 
35 
20 
87 
74 
42 
50 
81 
65 
53 
58 
74 
44 
114 
25 
129 
116 
29 
55 
152 
63 
51 
49 
36 
71 
70 
84 
88 
22 
69 
141 
111 
10 
76 
91 
31 
101 
85 
90 
34 
155 
107 
38 
99 
26 
37 
25 
9 
42 
46 
54 
39 
70 
155 
61 
22 
66 
43 
17 
14 
55 
121 
9 
88 
108 
30 
48 
77 
78 
125 
69 
35 
80 
161 
12 
98 
106 
138 
52 
29 
118 
45 
54 
115 
94 
120 
50 
115 
41 
92 
50 
32 
65 
29 
128 
68 
75 
62 
46 
80 
172 
59 
128 
86 
88 
121 
36 
43 
51 
72 
32 
36 
88 
34 
54 
35 
40 
52 
33 
49 
80 
44 
20 
19 
98 
20 
18 
31 
19 
55 
75 
82 
26 
156 
97 
24 
167 
47 
25 
127 
93 
18 
19 
93 
45 
79 
128 
70 
91 
57 
39 
20 
60 
30 
127 
55 
71 
52 
153 
34 
27 
76 
88 
83 
94 
42 
53 
64 
108 
61 
125 
23 
15 
109 
17 
54 
35 
43 
26 
116 
87 
24 
35 
37 
91 
18 
94 
74 
77 
47 
38 
10 
69 
61 
9 
17 
98 
102 
55 
20 
66 
118 
29 
19 
16 
50 
50 
24 
91 
101 
55 
89 
73 
87 
46 
66 
90 
12 
75 
81 
22 
58 
103 
126 
21 
112 
113 
157 
40 
75 
84 
33 
63 
75 
36 
66 
159 
9 
10 
47 
107 
108 
58 
113 
103 
128 
104 
56 
96 
31 
54 
13 
116 
11 
49 
121 
102 
27 
89 
30 
19 
50 
161 
46 
162 
36 
62 
71 
41 
132 
67 
60 
134 
130 
11 
20 
57 
86 
48 
39 
94 
56 
104 
61 
23 
21 
112 
73 
111 
26 
60 
53 
53 
126 
70 
55 
24 
48 
167 
32 
47 
13 
66 
147 
27 
78 
65 
63 
120 
66 
83 
67 
39 
150 
14 
54 
78 
43 
15 
73 
31 
32 
39 
27 
73 
100 
113 
145 
42 
37 
75 
15 
60 
90 
67 
39 
52 
70 
33 
29 
140 
30 
139 
40 
22 
16 
90 
90 
86 
32 
71 
62 
44 
82 
22 
49 
66 
65 
115 
55 
51 
22 
106 
56 
102 
103 
32 
95 
42 
125 
98 
114 
65 
31 
68 
168 
88 
17 
71 
25 
65 
18 
25 
107 
39 
65 
69 
35 
25 
59 
30 
60 
11 
14 
131 
57 
20 
63 
42 
119 
64 
107 
30 
85 
43 
36 
106 
122 
42 
130 
14 
60 
19 
78 
31 
38 
44 
82 
14 
28 
60 
18 
112 
70 
34 
171 
74 
105 
111 
57 
151 
92 
55 
79 
59 
30 
41 
67 
56 
31 
9 
27 
59 
45 
83 
54 
66 
99 
121 
53 
46 
69 
20 
52 
55 
145 
17 
18 
31 
109 
45 
153 
56 
11 
63 
117 
58 
92 
82 
64 
69 
59 
126 
46 
58 
21 
18 
154 
21 
33 
132 
62 
69 
17 
31 
95 
83 
43 
33 
121 
90 
122 
38 
26 
53 
48 
74 
10 
32 
128 
66 
12 
76 
76 
44 
42 
25 
38 
23 
90 
106 
128 
144 
38 
37 
26 
34 
62 
55 
16 
22 
19 
11 
63 
28 
115 
65 
31 
38 
10 
127 
29 
57 
112 
115 
68 
92 
10 
15 
50 
53 
19 
66 
89 
53 
36 
18 
92 
15 
52 
136 
78 
68 
105 
